cair =  299792458;